0.5284548125389278277831359544523759333588518942624011207336230954
-0.118969660056965999709836355627767829655450939170666932518376229
0.0397802053394542469639631084087816853165277321024370705217411068
-0.010091050258254499082933529763062578196950812956694690874761632
0.0056062177423997189050529464423001346408618603366234596533671840
-0.001347276698055020991060985242784642473786587498568121978447700
0.0014537062321399805529368934084434275020704698503897613613374195
-0.000223810302199745443787238426220633622764607531821673206394827
0.0005617338322648945844485534671450647960656613905291475614894834
-0.000019565798787511860125251248594634973810616467223808005453475
